99 50 3 0 1 0 99
49 41 3 1 1 0 49
-23 71 5 0 0 -8 0
10 55 1 0 0 0 0
34 61 2 0 0 4 0
-58 43 7 1 1 0 -58
-14 11 15 1 1 0 -14
4 42 12 1 0 3 0
59 84 15 0 0 7 0
-72 7 0 0 1 0 -72
-45 34 5 1 1 0 -45
-111 98 13 0 1 0 -111
-29 32 2 0 0 -4 0
-63 30 7 0 1 0 -63
57 6 2 0 1 0 57
-57 8 11 0 1 0 -57
120 24 10 1 1 0 120
-12 73 7 1 0 -5 0
-90 51 9 1 1 0 -90
32 12 1 1 1 0 32
38 19 6 1 1 0 38
-52 77 8 0 0 -8 0
119 94 14 0 1 0 119
-118 52 4 0 1 0 -118
-120 40 2 0 1 0 -120
-58 81 8 1 0 -8 0
-32 89 8 1 0 -8 0
-11 11 13 0 0 -8 0
-60 31 0 1 1 0 -60
80 52 2 1 1 0 80
117 91 5 1 1 0 117
33 71 7 0 0 7 0
18 22 2 1 0 2 0
10 30 14 0 0 7 0
-7 50 14 0 0 -7 0
95 59 12 1 1 0 95
-119 27 6 0 1 0 -119
75 33 5 1 1 0 75
18 10 7 0 1 0 18
-63 70 4 0 0 -8 0
-86 93 4 0 0 -8 0
-86 37 2 0 1 0 -86
0 95 2 0 0 0 0
-14 10 13 1 1 0 -14
-19 36 0 1 0 0 0
-99 59 10 0 1 0 -99
-18 34 3 1 0 -3 0
-39 5 12 1 1 0 -39
-36 98 9 1 0 -8 0
100 32 10 0 1 0 100
-116 88 2 1 1 0 -116
92 26 14 0 1 0 92
-127 27 5 0 1 0 -127
-71 67 0 1 1 0 -71
-30 79 12 0 0 -8 0
-21 30 0 0 0 0 0
-35 21 11 1 1 0 -35
-54 15 0 0 1 0 -54
-125 91 3 0 1 0 -125
-96 90 8 0 1 0 -96
127 42 4 1 1 0 127
94 77 9 0 1 0 94
65 40 7 1 1 0 65
74 100 6 0 0 7 0
75 11 8 1 1 0 75
113 32 15 1 1 0 113
4 96 10 0 0 2 0
-70 47 2 0 1 0 -70
66 3 11 1 1 0 66
-39 28 13 1 1 0 -39
-1 8 0 1 0 0 0
58 70 3 0 0 7 0
121 13 0 1 1 0 121
-79 42 12 0 1 0 -79
-52 88 13 0 0 -8 0
-54 48 11 0 1 0 -54
-39 61 15 1 0 -8 0
-60 45 15 0 1 0 -60
115 74 14 1 1 0 115
-38 16 2 0 1 0 -38
-93 39 9 0 1 0 -93
-98 90 12 1 1 0 -98
18 68 15 1 0 7 0
-117 14 6 1 1 0 -117
-58 83 8 1 0 -8 0
-106 76 14 1 1 0 -106
3 6 9 1 0 2 0
91 96 5 1 0 7 0
-21 70 3 0 0 -4 0
-98 75 8 1 1 0 -98
-40 66 4 0 0 -8 0
-19 53 13 0 0 -8 0
120 17 2 1 1 0 120
-82 47 9 0 1 0 -82
65 3 9 0 1 0 65
-104 4 5 1 1 0 -104
78 36 4 0 1 0 78
-13 91 4 1 0 -3 0
-46 98 14 1 0 -8 0
-41 50 1 0 0 -3 0
-120 100 14 0 1 0 -120
65 45 3 1 1 0 65
105 17 5 1 1 0 105
112 58 1 1 1 0 112
5 86 9 0 0 2 0
85 16 0 0 1 0 85
-86 29 4 1 1 0 -86
59 52 11 0 1 0 59
22 8 3 1 1 0 22
-83 50 7 0 1 0 -83
113 55 3 1 1 0 113
-48 59 0 1 0 0 0
-110 97 10 0 1 0 -110
69 15 3 1 1 0 69
-3 38 14 1 0 -3 0
127 62 3 0 1 0 127
62 74 3 0 0 7 0
-12 69 15 0 0 -8 0
-18 70 1 0 0 -2 0
-76 56 13 1 1 0 -76
51 7 0 0 1 0 51
-27 54 12 1 0 -8 0
-76 93 11 1 0 -8 0
125 48 0 1 1 0 125
8 42 6 0 0 3 0
-90 40 3 1 1 0 -90
-5 51 5 1 0 -2 0
-104 45 8 1 1 0 -104
76 0 7 1 1 0 76
123 70 15 1 1 0 123
73 43 14 1 1 0 73
110 43 2 1 1 0 110
30 21 9 0 1 0 30
82 20 14 0 1 0 82
98 30 1 0 1 0 98
-50 85 3 0 0 -8 0
-12 71 14 1 0 -8 0
-40 8 0 1 1 0 -40
-58 17 15 1 1 0 -58
73 64 3 1 1 0 73
-112 13 1 1 1 0 -112
89 97 9 1 0 7 0
-95 70 0 1 1 0 -95
0 9 11 0 0 0 0
26 82 0 0 0 0 0
-43 36 6 1 1 0 -43
-4 6 9 0 0 -3 0
89 15 11 1 1 0 89
45 22 15 0 1 0 45
-30 9 2 0 1 0 -30
60 28 5 1 1 0 60
-16 3 13 1 1 0 -16
39 50 14 1 0 7 0
34 72 13 0 0 7 0
4 82 12 1 0 3 0
125 40 6 1 1 0 125
-118 12 8 1 1 0 -118
-80 79 0 0 1 0 -80
-124 0 15 1 1 0 -124
76 82 5 1 0 7 0
81 65 12 1 1 0 81
114 18 3 0 1 0 114
-47 15 6 1 1 0 -47
-33 65 5 0 0 -8 0
125 74 3 0 1 0 125
18 38 12 1 0 7 0
-58 12 15 0 1 0 -58
76 63 3 1 1 0 76
-34 61 8 0 0 -8 0
46 55 1 1 0 3 0
120 84 11 0 1 0 120
32 54 10 0 0 7 0
13 6 12 0 1 0 13
115 57 3 0 1 0 115
-38 29 7 1 1 0 -38
20 50 12 1 0 7 0
61 72 4 0 0 7 0
-1 60 9 1 0 -1 0
105 51 6 1 1 0 105
-54 62 0 1 0 0 0
-1 3 5 0 0 -1 0
-107 71 11 0 1 0 -107
9 69 4 0 0 2 0
23 14 1 1 1 0 23
-86 54 13 1 1 0 -86
16 67 2 1 0 2 0
-62 85 6 1 0 -8 0
-80 8 14 0 1 0 -80
102 39 6 1 1 0 102
33 33 4 0 0 7 0
-24 81 12 0 0 -8 0
115 41 2 1 1 0 115
30 66 9 0 0 7 0
-43 10 6 0 1 0 -43
82 98 2 1 0 7 0
-60 0 1 0 1 0 -60
-73 78 11 0 0 -8 0
-47 60 13 0 0 -8 0
49 10 15 0 1 0 49
50 97 1 0 0 3 0
81 21 4 0 1 0 81
27 44 3 0 0 5 0
62 72 10 0 0 7 0
-104 75 15 1 1 0 -104
-20 45 10 1 0 -8 0
13 33 10 0 0 7 0
-10 86 6 1 0 -4 0
34 14 11 0 1 0 34
-17 13 4 0 1 0 -17
46 43 13 1 1 0 46
88 32 14 0 1 0 88
-97 22 5 0 1 0 -97
-50 91 14 1 0 -8 0
97 86 8 0 1 0 97
-14 84 4 0 0 -4 0
-48 20 7 1 1 0 -48
-61 81 7 0 0 -8 0
114 60 5 1 1 0 114
-114 41 14 1 1 0 -114
-58 21 6 1 1 0 -58
-108 99 9 0 1 0 -108
-30 61 0 0 0 0 0
58 31 13 0 1 0 58
-1 93 9 1 0 -1 0
-16 33 4 1 0 -4 0
68 51 10 0 1 0 68
38 70 9 1 0 7 0
-39 18 4 1 1 0 -39
-18 78 4 1 0 -4 0
62 0 12 1 1 0 62
36 28 7 0 1 0 36
-20 46 13 1 0 -8 0
64 34 8 1 1 0 64
-39 44 6 1 0 -8 0
123 72 8 1 1 0 123
43 45 13 1 0 7 0
38 43 8 0 0 7 0
-16 4 12 0 1 0 -16
-122 12 1 0 1 0 -122
22 35 5 0 0 6 0
-115 77 12 0 1 0 -115
20 37 6 0 0 7 0
-55 61 1 0 0 -4 0
-63 18 14 1 1 0 -63
73 71 10 1 1 0 73
22 7 8 1 1 0 22
-107 93 14 0 1 0 -107
-68 78 8 0 0 -8 0
-4 23 2 0 0 -1 0
-64 18 4 0 1 0 -64
107 18 2 1 1 0 107
-118 69 6 1 1 0 -118
115 69 6 0 1 0 115
-56 28 1 1 1 0 -56
-109 41 15 0 1 0 -109
-28 42 0 1 0 0 0
89 78 12 0 1 0 89
25 88 1 1 0 2 0
-124 68 10 0 1 0 -124
-15 86 3 1 0 -3 0
76 91 0 0 0 0 0
-99 40 12 0 1 0 -99
2 98 1 0 0 0 0
-103 48 3 1 1 0 -103
59 5 8 0 1 0 59
122 51 4 1 1 0 122
-61 93 10 0 0 -8 0
-88 72 10 1 1 0 -88
-95 6 15 1 1 0 -95
82 100 12 1 0 7 0
29 89 6 0 0 7 0
-121 84 3 1 1 0 -121
-51 60 13 0 0 -8 0
22 78 15 0 0 7 0
122 28 15 0 1 0 122
-127 20 4 1 1 0 -127
-78 61 1 1 1 0 -78
-92 6 2 1 1 0 -92
-51 69 8 0 0 -8 0
37 90 8 0 0 7 0
61 79 9 0 0 7 0
-101 17 11 0 1 0 -101
52 11 12 0 1 0 52
8 83 10 0 0 5 0
40 73 12 0 0 7 0
-15 41 5 0 0 -5 0
-102 3 8 0 1 0 -102
-117 91 8 0 1 0 -117
-42 33 1 1 1 0 -42
-91 35 13 1 1 0 -91
4 80 6 1 0 2 0
82 7 5 0 1 0 82
-26 77 10 0 0 -8 0
30 89 9 1 0 7 0
114 28 13 0 1 0 114
-76 91 8 0 0 -8 0
-26 5 10 1 1 0 -26
113 14 10 1 1 0 113
96 30 0 0 1 0 96
-88 46 10 1 1 0 -88
17 50 6 1 0 6 0
95 24 2 1 1 0 95
2 34 3 1 0 0 0
0 24 2 1 0 0 0
95 61 10 0 1 0 95
4 72 14 0 0 3 0
119 63 6 0 1 0 119
-18 15 7 1 1 0 -18
-45 47 11 0 0 -8 0
75 3 3 0 1 0 75
-65 63 6 0 1 0 -65
-43 28 13 0 1 0 -43
22 28 12 1 0 7 0
35 45 11 1 0 7 0
-81 14 9 1 1 0 -81
-27 26 12 0 1 0 -27
2 1 7 1 1 0 2
-66 74 6 0 0 -8 0
-57 46 6 1 1 0 -57
-22 90 11 0 0 -8 0
114 13 3 1 1 0 114
-26 68 8 0 0 -8 0
-128 94 1 1 1 0 -128
76 95 8 0 0 7 0
49 46 9 1 1 0 49
74 53 7 0 1 0 74
-61 72 10 1 0 -8 0
108 3 6 1 1 0 108
-16 72 3 0 0 -3 0
-3 85 6 0 0 -2 0
113 86 5 1 1 0 113
-53 57 7 0 0 -8 0
-52 64 5 1 0 -8 0
-85 82 13 1 1 0 -85
23 54 14 1 0 7 0
55 34 11 1 1 0 55
-116 33 14 1 1 0 -116
-108 76 9 1 1 0 -108
127 8 11 1 1 0 127
67 32 2 0 1 0 67
89 11 5 1 1 0 89
-68 56 1 0 1 0 -68
89 37 11 0 1 0 89
101 12 15 1 1 0 101
-29 56 2 0 0 -4 0
-75 55 10 0 1 0 -75
93 71 12 1 1 0 93
-38 92 13 0 0 -8 0
-58 79 3 1 0 -8 0
5 83 1 0 0 0 0
5 19 8 0 0 2 0
-4 65 4 1 0 -1 0
24 22 2 1 1 0 24
48 35 11 0 1 0 48
-30 12 14 1 1 0 -30
93 3 1 1 1 0 93
-108 60 2 0 1 0 -108
-115 81 11 0 1 0 -115
9 45 4 0 0 2 0
92 10 8 0 1 0 92
-108 51 4 1 1 0 -108
-43 17 2 0 1 0 -43
-73 4 8 0 1 0 -73
106 40 12 1 1 0 106
68 70 1 1 0 4 0
-72 32 3 0 1 0 -72
-124 84 12 0 1 0 -124
5 12 11 1 0 3 0
-44 97 5 1 0 -8 0
-91 28 13 1 1 0 -91
-117 48 1 0 1 0 -117
75 44 1 0 1 0 75
-1 50 0 0 0 0 0
-110 72 11 0 1 0 -110
33 69 3 0 0 6 0
34 47 14 1 0 7 0
42 76 2 0 0 5 0
34 32 4 0 1 0 34
-24 8 2 0 1 0 -24
87 66 7 1 1 0 87
-120 96 9 0 1 0 -120
51 15 5 1 1 0 51
-121 48 9 0 1 0 -121
87 95 6 0 0 7 0
34 69 4 1 0 7 0
-8 27 7 0 0 -4 0
45 53 5 1 0 7 0
-11 94 0 0 0 0 0
-95 3 1 1 1 0 -95
113 41 6 1 1 0 113
-77 70 10 1 1 0 -77
14 16 9 0 0 7 0
-66 89 15 1 0 -8 0
41 35 1 0 1 0 41
-85 37 13 1 1 0 -85
46 98 3 0 0 7 0
-17 67 2 1 0 -2 0
3 27 15 0 0 2 0
44 26 12 1 1 0 44
103 49 1 1 1 0 103
-7 87 13 1 0 -6 0
119 0 12 1 1 0 119
-65 9 6 0 1 0 -65
81 96 0 1 0 0 0
29 37 9 0 0 7 0
-53 30 15 0 1 0 -53
43 57 4 1 0 7 0
56 63 6 1 0 7 0
-82 6 6 0 1 0 -82
-32 26 11 1 1 0 -32
-34 95 13 1 0 -8 0
29 54 6 1 0 7 0
-65 5 3 0 1 0 -65
31 30 0 0 1 0 31
116 61 6 0 1 0 116
-3 66 15 1 0 -3 0
-3 42 15 0 0 -3 0
112 86 4 1 1 0 112
20 86 3 0 0 3 0
97 57 7 0 1 0 97
-115 50 4 1 1 0 -115
110 91 2 0 1 0 110
-114 81 3 0 1 0 -114
120 96 6 1 1 0 120
79 58 6 0 1 0 79
7 44 9 1 0 4 0
39 82 3 0 0 7 0
-88 78 9 1 1 0 -88
73 76 7 1 0 7 0
-45 59 5 1 0 -8 0
47 63 6 0 0 7 0
91 33 0 1 1 0 91
107 83 13 1 1 0 107
-9 99 10 1 0 -6 0
1 26 5 0 0 0 0
-25 5 8 1 1 0 -25
8 95 8 1 0 4 0
-122 52 5 1 1 0 -122
26 32 10 0 0 7 0
-79 6 2 1 1 0 -79
10 44 7 0 0 4 0
-16 0 4 1 1 0 -16
35 13 12 0 1 0 35
93 14 10 1 1 0 93
6 69 15 1 0 6 0
-88 77 6 1 1 0 -88
112 6 13 0 1 0 112
-82 15 11 1 1 0 -82
116 71 6 0 1 0 116
-15 85 7 0 0 -7 0
-54 98 8 1 0 -8 0
-56 81 1 0 0 -4 0
126 17 5 0 1 0 126
-57 72 1 0 0 -4 0
-8 41 14 0 0 -7 0
-66 3 3 0 1 0 -66
-11 40 3 0 0 -3 0
108 77 11 0 1 0 108
101 67 14 1 1 0 101
-62 60 2 0 1 0 -62
-20 74 0 1 0 0 0
-88 96 7 1 0 -8 0
-89 41 5 1 1 0 -89
-31 82 5 0 0 -8 0
3 88 1 1 0 0 0
-83 41 3 1 1 0 -83
34 62 11 1 0 7 0
116 7 10 0 1 0 116
-35 19 9 1 1 0 -35
123 6 15 1 1 0 123
-25 29 14 1 0 -8 0
-81 14 3 1 1 0 -81
-53 84 13 0 0 -8 0
117 29 11 0 1 0 117
31 10 0 0 1 0 31
-40 20 0 1 1 0 -40
-81 70 9 1 1 0 -81
-2 29 2 0 0 -1 0
-128 5 12 0 1 0 -128
-106 12 2 1 1 0 -106
-71 56 2 1 1 0 -71
-85 61 14 0 1 0 -85
80 49 8 0 1 0 80
-94 21 5 1 1 0 -94
-112 0 10 1 1 0 -112
58 71 6 1 0 7 0
78 70 1 0 1 0 78
-113 46 5 1 1 0 -113
-68 15 5 0 1 0 -68
26 12 3 1 1 0 26
-68 5 1 0 1 0 -68
-107 97 8 1 1 0 -107
19 77 15 1 0 7 0
-21 92 4 0 0 -6 0
-4 23 15 1 0 -4 0
-96 89 15 1 1 0 -96
92 24 14 0 1 0 92
-22 66 0 0 0 0 0
-120 94 15 1 1 0 -120
48 95 8 0 0 7 0
-83 58 8 1 1 0 -83
-30 91 11 1 0 -8 0
-2 35 4 1 0 0 0
-22 45 15 1 0 -8 0
62 12 5 0 1 0 62
24 46 2 0 0 3 0
34 52 6 1 0 7 0
-98 2 15 0 1 0 -98
90 56 12 1 1 0 90
24 72 13 0 0 7 0
111 100 6 0 1 0 111
62 70 7 1 0 7 0
15 27 2 1 0 2 0
37 42 6 0 0 7 0
-103 35 5 0 1 0 -103
-3 24 13 1 0 -2 0
74 87 0 0 0 0 0
-106 12 14 0 1 0 -106
95 75 6 1 1 0 95
123 78 8 1 1 0 123
11 37 7 1 0 5 0
41 18 4 0 1 0 41
123 27 9 1 1 0 123
-37 96 14 1 0 -8 0
121 66 12 0 1 0 121
-67 73 11 1 0 -8 0
7 2 11 1 1 0 7
-48 46 15 0 1 0 -48
-71 10 14 1 1 0 -71
-66 23 3 1 1 0 -66
104 16 8 1 1 0 104
19 48 5 0 0 5 0
60 5 10 0 1 0 60
-34 68 2 0 0 -5 0
-105 20 12 1 1 0 -105
-11 1 2 0 1 0 -11
119 68 13 0 1 0 119
-119 28 6 0 1 0 -119
-46 96 9 1 0 -8 0
-48 23 7 0 1 0 -48
-118 50 4 0 1 0 -118
-77 42 4 0 1 0 -77
-28 61 6 1 0 -8 0
-15 65 13 0 0 -8 0
115 41 13 1 1 0 115
111 72 11 0 1 0 111
59 29 13 0 1 0 59
52 53 14 1 0 7 0
-52 44 15 1 1 0 -52
47 24 12 0 1 0 47
-65 87 14 0 0 -8 0
72 4 5 1 1 0 72
-58 96 6 1 0 -8 0
-15 5 7 0 1 0 -15
-31 13 7 0 1 0 -31
114 77 14 1 1 0 114
-111 24 10 1 1 0 -111
38 2 9 1 1 0 38
-4 30 14 1 0 -3 0
1 37 5 1 0 0 0
101 78 14 0 1 0 101
-55 4 7 0 1 0 -55
-68 81 4 1 0 -8 0
69 87 12 1 0 7 0
-29 9 3 1 1 0 -29
91 55 4 0 1 0 91
-78 96 15 1 0 -8 0
-62 81 10 0 0 -8 0
-127 50 7 1 1 0 -127
-23 47 4 1 0 -6 0
-31 65 15 0 0 -8 0
114 44 11 1 1 0 114
53 94 7 1 0 7 0
65 1 0 0 1 0 65
80 52 7 1 1 0 80
21 29 7 0 0 7 0
-119 53 2 1 1 0 -119
-16 20 9 0 0 -8 0
86 45 6 0 1 0 86
-125 18 2 0 1 0 -125
3 77 0 0 0 0 0
100 30 6 0 1 0 100
124 6 11 1 1 0 124
-64 15 15 1 1 0 -64
-8 96 3 0 0 -2 0
-90 65 0 0 1 0 -90
94 65 3 0 1 0 94
51 0 15 1 1 0 51
53 96 8 1 0 7 0
-46 59 7 1 0 -8 0
-69 30 13 0 1 0 -69
80 74 3 0 1 0 80
-61 4 8 1 1 0 -61
-38 16 7 0 1 0 -38
88 99 7 0 0 7 0
80 77 2 0 1 0 80
-108 43 10 0 1 0 -108
-121 51 4 0 1 0 -121
123 81 10 0 1 0 123
7 31 11 1 0 5 0
50 84 7 0 0 7 0
-49 98 0 1 0 0 0
-10 89 8 1 0 -5 0
15 27 8 1 0 7 0
54 98 4 1 0 7 0
101 68 15 0 1 0 101
-44 3 11 0 1 0 -44
84 16 4 0 1 0 84
62 14 8 0 1 0 62
61 13 12 0 1 0 61
-29 81 12 1 0 -8 0
48 12 14 0 1 0 48
-74 58 10 0 1 0 -74
26 78 2 0 0 3 0
21 35 15 1 0 7 0
-5 0 8 1 1 0 -5
104 52 8 0 1 0 104
-25 12 1 1 1 0 -25
35 30 4 1 1 0 35
-62 75 6 1 0 -8 0
107 94 13 0 1 0 107
31 93 2 1 0 4 0
15 31 13 0 0 7 0
107 89 1 0 1 0 107
-27 71 13 1 0 -8 0
-45 2 9 1 1 0 -45
123 100 12 0 1 0 123
-63 20 0 1 1 0 -63
107 29 5 0 1 0 107
38 32 1 0 1 0 38
-64 5 10 1 1 0 -64
-33 18 4 0 1 0 -33
91 2 3 1 1 0 91
-72 88 3 1 0 -8 0
100 70 5 0 1 0 100
76 34 0 0 1 0 76
-119 92 0 1 1 0 -119
74 57 13 0 1 0 74
71 33 8 0 1 0 71
114 39 4 1 1 0 114
-30 53 2 1 0 -4 0
126 31 11 0 1 0 126
-88 71 2 0 1 0 -88
109 18 12 1 1 0 109
-72 85 8 1 0 -8 0
-93 42 15 1 1 0 -93
-37 54 2 1 0 -5 0
36 50 10 1 0 7 0
-112 29 11 1 1 0 -112
22 75 1 0 0 1 0
100 20 9 0 1 0 100
59 13 8 0 1 0 59
-5 34 8 0 0 -3 0
52 81 6 1 0 7 0
75 27 14 0 1 0 75
-103 27 3 1 1 0 -103
97 77 10 1 1 0 97
89 39 2 1 1 0 89
86 16 1 1 1 0 86
-114 70 7 1 1 0 -114
61 83 2 1 0 7 0
-111 52 10 1 1 0 -111
119 3 12 0 1 0 119
94 77 15 0 1 0 94
-40 4 14 0 1 0 -40
-55 6 14 1 1 0 -55
97 4 1 1 1 0 97
5 3 4 1 1 0 5
13 63 5 0 0 4 0
-51 47 3 0 1 0 -51
27 12 8 1 1 0 27
-104 32 3 0 1 0 -104
-97 36 9 0 1 0 -97
67 48 15 1 1 0 67
88 99 9 1 0 7 0
-108 68 4 0 1 0 -108
11 19 11 1 0 7 0
62 70 10 1 0 7 0
-63 93 0 1 0 0 0
123 43 12 1 1 0 123
84 48 6 1 1 0 84
31 1 3 0 1 0 31
-36 72 13 0 0 -8 0
88 100 10 0 0 7 0
5 95 0 0 0 0 0
-77 19 4 1 1 0 -77
61 19 13 0 1 0 61
67 12 13 0 1 0 67
-11 100 10 1 0 -7 0
-37 61 8 1 0 -8 0
91 0 4 1 1 0 91
-126 19 9 1 1 0 -126
57 17 6 1 1 0 57
89 66 4 0 1 0 89
-68 86 12 1 0 -8 0
-90 49 5 0 1 0 -90
68 20 13 0 1 0 68
-46 1 3 1 1 0 -46
102 14 10 0 1 0 102
-31 88 9 1 0 -8 0
90 95 7 0 0 7 0
108 0 14 1 1 0 108
-32 73 4 0 0 -8 0
-71 76 1 1 0 -4 0
85 39 10 1 1 0 85
-34 100 8 1 0 -8 0
-99 15 9 1 1 0 -99
-55 30 8 1 1 0 -55
-104 14 8 1 1 0 -104
9 6 2 0 1 0 9
2 54 14 1 0 2 0
-103 7 5 0 1 0 -103
-104 88 11 0 1 0 -104
-57 75 2 0 0 -8 0
71 12 8 1 1 0 71
97 97 6 1 0 7 0
117 6 15 0 1 0 117
-29 64 9 1 0 -8 0
-87 27 0 1 1 0 -87
118 19 13 0 1 0 118
106 19 1 0 1 0 106
121 98 2 1 1 0 121
-17 5 9 1 1 0 -17
-6 52 2 1 0 -1 0
-41 92 6 0 0 -8 0
-101 93 13 0 1 0 -101
-103 55 0 0 1 0 -103
-127 98 10 0 1 0 -127
-126 89 4 1 1 0 -126
60 98 1 1 0 4 0
7 72 5 1 0 2 0
61 85 1 1 0 4 0
103 11 14 0 1 0 103
-128 95 0 1 1 0 -128
38 45 1 0 0 2 0
-126 35 2 1 1 0 -126
42 98 8 1 0 7 0
110 96 13 1 1 0 110
-56 45 7 1 1 0 -56
-67 18 2 1 1 0 -67
123 53 10 1 1 0 123
-51 58 11 1 0 -8 0
-60 24 12 0 1 0 -60
-13 6 1 0 1 0 -13
59 50 13 1 1 0 59
117 56 13 0 1 0 117
83 48 3 0 1 0 83
119 86 0 0 1 0 119
-115 90 0 1 1 0 -115
31 86 5 1 0 7 0
5 88 5 1 0 2 0
-50 91 3 1 0 -8 0
6 75 3 0 0 1 0
-21 62 14 0 0 -8 0
60 38 11 1 1 0 60
97 99 13 1 0 7 0
-39 75 13 1 0 -8 0
9 59 8 0 0 4 0
121 49 10 0 1 0 121
-96 73 7 0 1 0 -96
42 56 13 0 0 7 0
36 82 9 1 0 7 0
-74 28 2 0 1 0 -74
-125 53 13 1 1 0 -125
103 77 7 0 1 0 103
-96 24 5 0 1 0 -96
41 100 15 0 0 7 0
-45 80 7 1 0 -8 0
-64 75 7 0 0 -8 0
-91 86 11 1 1 0 -91
-3 55 13 0 0 -3 0
-93 2 13 1 1 0 -93
25 23 8 0 1 0 25
-107 24 9 1 1 0 -107
31 71 0 0 0 0 0
-37 95 2 0 0 -5 0
-19 71 7 1 0 -8 0
22 79 15 1 0 7 0
-99 68 14 1 1 0 -99
20 23 14 1 0 7 0
7 42 0 0 0 0 0
-28 42 14 1 0 -8 0
-87 32 13 0 1 0 -87
24 96 9 1 0 7 0
91 51 7 0 1 0 91
-107 81 0 0 1 0 -107
66 74 1 0 0 4 0
8 76 15 1 0 7 0
-25 80 6 0 0 -8 0
103 77 3 1 1 0 103
-79 27 5 1 1 0 -79
-78 62 3 1 1 0 -78
-22 65 7 1 0 -8 0
121 62 13 1 1 0 121
95 91 10 0 1 0 95
-115 22 2 0 1 0 -115
-99 10 3 1 1 0 -99
-128 47 11 1 1 0 -128
-127 23 10 1 1 0 -127
-10 78 3 0 0 -2 0
-120 81 12 0 1 0 -120
127 87 3 0 1 0 127
50 2 0 0 1 0 50
-52 36 6 0 1 0 -52
19 65 6 1 0 7 0
-58 22 4 0 1 0 -58
-55 36 0 0 1 0 -55
88 79 7 0 1 0 88
-38 64 13 1 0 -8 0
-67 78 9 0 0 -8 0
29 92 12 1 0 7 0
29 82 10 0 0 7 0
-5 85 14 0 0 -5 0
-17 27 14 0 0 -8 0
-104 49 1 1 1 0 -104
-8 36 5 0 0 -3 0
-97 14 1 1 1 0 -97
73 68 7 0 1 0 73
-37 4 5 1 1 0 -37
-13 40 13 1 0 -8 0
81 22 13 1 1 0 81
-77 91 9 1 0 -8 0
-54 71 4 0 0 -8 0
46 60 8 1 0 7 0
-92 50 2 0 1 0 -92
20 65 9 1 0 7 0
44 68 7 0 0 7 0
-30 10 12 1 1 0 -30
3 27 4 1 0 1 0
-76 60 1 0 1 0 -76
-45 85 7 0 0 -8 0
-61 62 5 1 0 -8 0
-106 74 12 1 1 0 -106
-22 90 15 0 0 -8 0
-57 69 3 1 0 -8 0
28 49 0 0 0 0 0
-62 50 14 1 1 0 -62
66 19 2 1 1 0 66
55 99 4 0 0 7 0
85 92 10 0 0 7 0
107 84 13 1 1 0 107
69 83 13 0 0 7 0
-53 35 8 1 1 0 -53
-24 70 3 0 0 -5 0
-53 38 5 1 1 0 -53
46 48 12 0 0 7 0
81 18 9 0 1 0 81
102 11 11 1 1 0 102
28 74 4 1 0 7 0
-25 49 11 1 0 -8 0
-31 93 14 0 0 -8 0
-16 76 13 0 0 -8 0
-59 67 3 1 0 -8 0
43 13 12 0 1 0 43
-89 15 7 1 1 0 -89
120 10 15 0 1 0 120
55 0 5 1 1 0 55
-81 27 14 1 1 0 -81
54 59 14 0 0 7 0
45 10 5 0 1 0 45
65 28 1 1 1 0 65
-85 70 7 0 1 0 -85
13 81 11 0 0 7 0
99 10 3 1 1 0 99
-73 66 14 1 1 0 -73
93 45 9 0 1 0 93
-39 97 12 0 0 -8 0
-60 26 15 0 1 0 -60
101 72 6 0 1 0 101
-86 57 4 0 1 0 -86
125 85 5 1 1 0 125
0 38 15 0 0 0 0
121 0 15 0 1 0 121
-110 44 1 0 1 0 -110
30 0 15 0 1 0 30
92 24 13 1 1 0 92
-115 51 6 1 1 0 -115
84 66 0 0 1 0 84
88 42 4 1 1 0 88
80 0 11 0 1 0 80
23 12 6 1 1 0 23
-116 73 4 1 1 0 -116
-86 24 9 0 1 0 -86
74 4 4 0 1 0 74
-116 67 4 1 1 0 -116
-49 49 6 1 0 -8 0
84 57 14 0 1 0 84
115 19 8 0 1 0 115
-101 44 12 0 1 0 -101
-21 79 5 1 0 -7 0
-25 55 14 0 0 -8 0
-128 87 5 1 1 0 -128
0 72 13 1 0 0 0
-30 25 12 1 1 0 -30
116 96 10 1 1 0 116
-75 39 10 0 1 0 -75
26 69 0 1 0 0 0
52 2 13 1 1 0 52
42 49 11 1 0 7 0
-42 38 3 1 1 0 -42
103 13 2 1 1 0 103
48 69 2 1 0 6 0
86 11 3 0 1 0 86
103 41 10 1 1 0 103
89 50 12 1 1 0 89
-123 40 13 0 1 0 -123
4 99 1 0 0 0 0
115 8 13 1 1 0 115
-55 13 9 0 1 0 -55
23 31 12 0 0 7 0
-74 76 15 0 0 -8 0
-113 46 14 0 1 0 -113
-105 71 5 1 1 0 -105
62 51 10 1 1 0 62
71 48 11 1 1 0 71
127 39 15 0 1 0 127
-124 88 14 1 1 0 -124
-52 59 2 1 0 -6 0
101 51 14 0 1 0 101
63 56 5 0 1 0 63
59 32 1 0 1 0 59
113 92 13 1 1 0 113
14 83 1 1 0 1 0
31 2 9 0 1 0 31
-75 34 7 1 1 0 -75
57 65 5 0 0 7 0
0 6 10 0 0 0 0
-11 12 4 0 0 -3 0
-113 98 12 1 1 0 -113
-112 85 9 1 1 0 -112
76 80 14 1 0 7 0
-93 43 8 1 1 0 -93
-42 36 5 0 1 0 -42
-14 54 10 0 0 -8 0
93 51 2 1 1 0 93
-125 12 2 0 1 0 -125
51 47 3 0 1 0 51
-111 78 11 1 1 0 -111
5 91 3 0 0 0 0
-27 84 4 1 0 -7 0
-85 63 2 0 1 0 -85
-18 91 11 1 0 -8 0
-56 9 5 0 1 0 -56
27 63 12 0 0 7 0
57 94 14 1 0 7 0
-44 40 2 0 1 0 -44
-121 5 11 0 1 0 -121
55 8 13 1 1 0 55
83 56 7 0 1 0 83
-62 87 6 1 0 -8 0
-67 46 10 0 1 0 -67
13 83 1 1 0 1 0
-64 0 13 1 1 0 -64
74 35 1 0 1 0 74
12 71 2 0 0 1 0
79 21 11 0 1 0 79
-57 56 4 0 1 0 -57
-83 77 14 0 1 0 -83
-36 23 1 1 1 0 -36
-1 47 10 1 0 -1 0
-49 37 10 0 1 0 -49
36 84 5 1 0 7 0
-67 8 5 0 1 0 -67
-46 28 6 1 1 0 -46
6 46 1 0 0 0 0
-67 72 8 0 0 -8 0
21 48 8 1 0 7 0
107 60 3 0 1 0 107
113 66 9 0 1 0 113
-5 73 11 1 0 -3 0
-51 25 10 1 1 0 -51
-87 90 9 1 0 -8 0
-76 85 7 0 0 -8 0
110 46 7 1 1 0 110
2 42 13 1 0 2 0
46 21 9 1 1 0 46
35 72 7 1 0 7 0
-84 88 4 1 0 -8 0
-66 86 5 0 0 -8 0
87 58 5 1 1 0 87
-3 46 7 1 0 -1 0
-28 6 0 1 1 0 -28
73 42 4 1 1 0 73
118 78 12 1 1 0 118
-31 60 3 1 0 -6 0
84 4 10 1 1 0 84
111 100 15 1 1 0 111
47 94 14 0 0 7 0
82 58 12 1 1 0 82
-106 44 14 1 1 0 -106
16 95 5 1 0 5 0
10 19 4 0 0 2 0
27 8 4 1 1 0 27
66 72 1 0 0 4 0
103 56 10 0 1 0 103
-104 67 0 0 1 0 -104
-50 88 11 0 0 -8 0
84 18 6 0 1 0 84
-55 100 7 1 0 -8 0
87 5 0 0 1 0 87
